0	2	1.277	0.3535	0.1766	0.80	0.01	0.080	0.320	0.01	0.141	0.0001492	6.20
2	5	1.277	0.3535	0.1766	0.20	0.04	0.080	0.320	0.01	0.106	0.0001492	6.20
5	10	1.277	0.3535	0.1766	0.00	0.25	0.080	0.320	0.01	0.071	0.0001492	6.20
10	20	1.277	0.3535	0.1766	0.00	0.30	0.080	0.320	0.01	0.035	0.0001492	6.20
20	30	1.277	0.3535	0.1766	0.00	0.10	0.080	0.320	0.01	0.000	0.0001492	6.20
30	45	1.296	0.3350	0.1550	0.00	0.05	0.080	0.280	0.01	0.000	0.0001970	6.20
45	60	1.296	0.3350	0.1550	0.00	0.04	0.080	0.280	0.01	0.000	0.0001970	6.20
60	75	1.296	0.3350	0.1550	0.00	0.03	0.080	0.280	0.01	0.000	0.0001970	6.20
75	90	1.332	0.3124	0.1279	0.00	0.02	0.080	0.220	0.01	0.000	0.0003205	6.20
90	105	1.332	0.3124	0.1279	0.00	0.01	0.080	0.220	0.01	0.000	0.0003205	6.20
105	120	1.332	0.3124	0.1279	0.00	0.00	0.080	0.220	0.01	0.000	0.0003205	6.20
120	150	1.346	0.3068	0.1204	0.00	0.00	0.080	0.200	0.01	0.000	0.0003829	6.20
150	180	1.346	0.3068	0.1204	0.00	0.00	0.080	0.200	0.01	0.000	0.0003829	6.20